[gd_scene load_steps=4 format=3 uid="uid://bcfj3lfn8yl6e"]

[ext_resource type="PackedScene" uid="uid://df4o15fgsycyt" path="res://maps/hangar/hangar.tscn" id="1_4y2lq"]
[ext_resource type="PackedScene" uid="uid://dpvdy506mde4u" path="res://ui/ui_main_menu.tscn" id="2_3yomq"]
[ext_resource type="PackedScene" uid="uid://bahijhbk1h08u" path="res://jet.tscn" id="3_8yq4p"]

[node name="Menu" type="Node"]

[node name="Hangar" parent="." instance=ExtResource("1_4y2lq")]

[node name="Camera3D" type="Camera3D" parent="."]
transform = Transform3D(-0.546801, 0.136056, 0.826134, 0, 0.986708, -0.162501, -0.837263, -0.0888555, -0.539533, 13.9997, 3.80691, -7.74231)

[node name="CameraTitleScreenPosition" type="Node3D" parent="."]
transform = Transform3D(0.858494, -0.0722761, -0.507705, 0, 0.990018, -0.140937, 0.512824, 0.120994, 0.849925, -6.57919, 0.621845, 0.391798)

[node name="CameraMenuPosition" type="Node3D" parent="."]
transform = Transform3D(-0.960547, 0.119286, -0.251239, 0, 0.903351, 0.428902, 0.278119, 0.411981, -0.867711, -1.34691, 1.95519, -1.6579)

[node name="MainMenuUI" parent="." instance=ExtResource("2_3yomq")]

[node name="Jet" parent="." instance=ExtResource("3_8yq4p")]
process_mode = 4
transform = Transform3D(4.45319, 0, 0, 0, 4.45319, 0, 0, 0, 4.45319, 0.159178, 0.579403, -0.456059)
